$ANSIBLE_VAULT;1.1;AES256
32613163376536363230363234393837316663626131323431383037353361653536363235356133
3564383038633432376662383937656531616331303266620a646139346437613935326163396261
36373161383232643662656333326666313533633262306363363865353634393132366232633561
3833343031376439370a646461656530386563663964393566343636663336623338383232643835
63343437313637346463346134626334333231656138306265663234333663343132343935626335
61383062363333313261666562326330613138326166623335346230653930623664643335303236
64366464356663616236333833613937323739666461616330336634323539646164306430366232
36373130636138343330616664373163373133666237343566613831336532613535656662653761
32626433616564333732366439323430376234366165656665623536626634363461326435396566
34656561303461653930393362376131646562366331653830306262643563303461623939643663
36373539333463656533323233303062356132396439646136626238633439623139343135366264
37336331363339353062626335363339303036653737323839353437353930376631353934623763
65346139323439366564386164393861663564623061323436366466643635393635643630383666
63653661646366633462386235656461653934646436636166666139383238633666373735323031
36373764396266383038326365393133623365383932653365653135653235316165643334383635
34663436333365306230373236323961636438303339376562383532353130383533353931656465
30663839333538306538333065346636336364363238333237376665666630656266313339656562
33303964626437613865653663333962323364356566306633656564383538643832626363326536
34656431653736306563633736633237313038643833303164663965323534663962326566353766
30363066643234666164636530643736346265613965353132626363393164623766313339643563
64633536613330663337663634643861323861636638333631343362333863383862343766626265
30313831336536613863333737333538306263616638336132393663663765663861363739663662
31343932363561393339346266356664633833613633616662636438353538616630323965633662
30306632353464386333643664323537323638306364643831353835393362303362333863643534
66323536346137353365356162386232303134333062373330306634396466656663
